ID	day_7_rightvsday_7_naive_log2FoldChange	day_7_rightvsday_7_naive_padj	meanCounts
mmu.let.7g.5p_MIMAT0000121_Mus_musculus_let.7g.5p	-0.00294308639717827	0.988888076218532	49492.7859252593
mmu.let.7i.5p_MIMAT0000122_Mus_musculus_let.7i.5p	0.573344270138465	0.0106007757674655	100870.300094451
mmu.let.7i.3p_MIMAT0004520_Mus_musculus_let.7i.3p	0.455732978414819	0.387150357424807	37.7261130648807
mmu.miR.1a.1.5p_MIMAT0016979_Mus_musculus_miR.1a.1.5p	-0.212714111589574	0.768560869413834	70.0083238745352
mmu.miR.1a.3p_MIMAT0000123_Mus_musculus_miR.1a.3p	-0.324711380886867	0.608489404351785	259536.379755586
mmu.miR.15b.5p_MIMAT0000124_Mus_musculus_miR.15b.5p	-0.407261213531195	0.387150357424807	711.3454468291
mmu.miR.15b.3p_MIMAT0004521_Mus_musculus_miR.15b.3p	-0.0126440347028881	0.969180060882218	168.306645099397
mmu.miR.23b.5p_MIMAT0016980_Mus_musculus_miR.23b.5p	1.39684949712808	0.000654861872626451	11.86339039882
mmu.miR.23b.3p_MIMAT0000125_Mus_musculus_miR.23b.3p	-0.331511519186916	0.377167659119935	2225.80125960996
mmu.miR.27b.5p_MIMAT0004522_Mus_musculus_miR.27b.5p	0.634591512336821	0.145670357078675	49.2215848955045
mmu.miR.27b.3p_MIMAT0000126_Mus_musculus_miR.27b.3p	0.625886383148587	0.0106007757674655	28653.5416047349
mmu.miR.29b.3p_MIMAT0000127_Mus_musculus_miR.29b.3p	-0.114552853740787	0.891507608196997	151.549146044127
mmu.miR.30a.5p_MIMAT0000128_Mus_musculus_miR.30a.5p	-0.611454116664662	0.203387087198894	8039.06658929354
mmu.miR.30a.3p_MIMAT0000129_Mus_musculus_miR.30a.3p	-0.228867572313997	0.640297565293747	1300.91630109118
mmu.miR.30b.5p_MIMAT0000130_Mus_musculus_miR.30b.5p	-0.428310423568391	0.316210946297414	1567.64796631905
mmu.miR.30b.3p_MIMAT0004524_Mus_musculus_miR.30b.3p	-0.10115686172423	0.845145490763878	93.0738335877863
mmu.miR.99a.5p_MIMAT0000131_Mus_musculus_miR.99a.5p	0.0367959872292388	0.936322765510569	101600.426722473
mmu.miR.99b.5p_MIMAT0000132_Mus_musculus_miR.99b.5p	0.149387486660759	0.777504463969023	4441.91835660382
mmu.miR.99b.3p_MIMAT0004525_Mus_musculus_miR.99b.3p	0.300700692001785	0.665377353806355	99.8865943508821
mmu.miR.101a.3p_MIMAT0000133_Mus_musculus_miR.101a.3p	-0.0511410010491035	0.924053261397831	1082.75508732263
mmu.miR.125a.5p_MIMAT0000135_Mus_musculus_miR.125a.5p	-0.314606720986552	0.404281620197755	11927.3060890633
mmu.miR.125a.3p_MIMAT0004528_Mus_musculus_miR.125a.3p	0.433658348447799	0.391543296537478	41.9006479882928
mmu.miR.125b.5p_MIMAT0000136_Mus_musculus_miR.125b.5p	-0.228391598851068	0.50101221969485	17440.0901967325
mmu.miR.125b.2.3p_MIMAT0004529_Mus_musculus_miR.125b.2.3p	0.250603058322104	0.598117172892275	246.594406077267
mmu.miR.126a.5p_MIMAT0000137_Mus_musculus_miR.126a.5p	0.0855490625478861	0.893698865179161	581.886794728448
mmu.miR.126a.3p_MIMAT0000138_Mus_musculus_miR.126a.3p	0.270823371544829	0.486966923282154	103932.554633849
mmu.miR.127.5p_MIMAT0004530_Mus_musculus_miR.127.5p	1.35784696667911	0.0130874523292004	6.09638340851056
mmu.miR.127.3p_MIMAT0000139_Mus_musculus_miR.127.3p	1.10234813648611	0.000114236357576827	4146.06897637949
mmu.miR.128.3p_MIMAT0000140_Mus_musculus_miR.128.3p	-0.434769703489733	0.409123698494468	1685.18309418809
mmu.miR.130a.5p_MIMAT0016983_Mus_musculus_miR.130a.5p	0.471733990726576	0.606238915056367	3.36501085452406
mmu.miR.130a.3p_MIMAT0000141_Mus_musculus_miR.130a.3p	-0.237726946170506	0.632743421831431	44.9599201433622
mmu.miR.9.5p_MIMAT0000142_Mus_musculus_miR.9.5p	0.152634665321279	0.823442969316234	64.7750044342699
mmu.miR.9.3p_MIMAT0000143_Mus_musculus_miR.9.3p	0.450068750773202	0.608489404351785	3.13635783330682
mmu.miR.132.5p_MIMAT0016984_Mus_musculus_miR.132.5p	0.496043381047643	0.424194443885548	40.1810673853138
mmu.miR.132.3p_MIMAT0000144_Mus_musculus_miR.132.3p	0.0412110803180105	0.930345939403698	65.7929508268321
mmu.miR.133a.5p_MIMAT0003473_Mus_musculus_miR.133a.5p	-0.684313616966911	0.214856494326306	20.7961666515204
mmu.miR.133a.3p_MIMAT0000145_Mus_musculus_miR.133a.3p	-0.703773127063517	0.187622090704047	3330.22028064658
mmu.miR.134.5p_MIMAT0000146_Mus_musculus_miR.134.5p	2.15238528499508	6.88074626808971e-25	142.544018460547
mmu.miR.135a.5p_MIMAT0000147_Mus_musculus_miR.135a.5p	-0.28553419360541	0.688099014455804	38.6155327670489
mmu.miR.135a.1.3p_MIMAT0004531_Mus_musculus_miR.135a.1.3p	-0.307453358916483	0.647046941207767	3.11348068806555
mmu.miR.136.5p_MIMAT0000148_Mus_musculus_miR.136.5p	0.300109112597418	0.777504463969023	257.876168475361
mmu.miR.136.3p_MIMAT0004532_Mus_musculus_miR.136.3p	0.946401279002809	0.0522170174099003	46.4495922235187
mmu.miR.138.5p_MIMAT0000150_Mus_musculus_miR.138.5p	-0.107987931603161	0.930345939403698	4.5823371264697
mmu.miR.140.5p_MIMAT0000151_Mus_musculus_miR.140.5p	0.234553917612743	0.688099014455804	8857.9271751976
mmu.miR.140.3p_MIMAT0000152_Mus_musculus_miR.140.3p	-0.10106227967632	0.800600084507372	4968.54962860632
mmu.miR.141.3p_MIMAT0000153_Mus_musculus_miR.141.3p	0.170579625957837	0.866547644789029	5.60147737874674
mmu.miR.142a.5p_MIMAT0000154_Mus_musculus_miR.142a.5p	-0.169133416017878	0.828606585204165	592.043959527165
mmu.miR.142a.3p_MIMAT0000155_Mus_musculus_miR.142a.3p	0.0436713522391234	0.938412700349214	6438.762468521
mmu.miR.144.5p_MIMAT0016988_Mus_musculus_miR.144.5p	-0.450823341758761	0.361442233380583	739.427897144206
mmu.miR.144.3p_MIMAT0000156_Mus_musculus_miR.144.3p	-0.120091346766656	0.863235529853932	490.441027344366
mmu.miR.145a.5p_MIMAT0000157_Mus_musculus_miR.145a.5p	-0.577547175891774	0.136887071660393	2891.81497579194
mmu.miR.145a.3p_MIMAT0004534_Mus_musculus_miR.145a.3p	0.123931680328057	0.877892935637274	751.592647975576
mmu.miR.146a.5p_MIMAT0000158_Mus_musculus_miR.146a.5p	0.0616876862141449	0.866547644789029	7746.47455700137
mmu.miR.149.5p_MIMAT0000159_Mus_musculus_miR.149.5p	-0.386406861556997	0.321564840560527	2727.76604341524
mmu.miR.149.3p_MIMAT0016990_Mus_musculus_miR.149.3p	0.0797385811988544	0.930345939403698	7.36238530730255
mmu.miR.150.5p_MIMAT0000160_Mus_musculus_miR.150.5p	-1.41889728232267	0.000160208595862421	934.105105708555
mmu.miR.150.3p_MIMAT0004535_Mus_musculus_miR.150.3p	-0.328536617295758	0.688099014455804	5.46368962364766
mmu.miR.151.5p_MIMAT0004536_Mus_musculus_miR.151.5p	-0.0745112465324059	0.89198694008948	76.3686562159225
mmu.miR.151.3p_MIMAT0000161_Mus_musculus_miR.151.3p	0.0556799627596399	0.930345939403698	1908.93429223163
mmu.miR.152.5p_MIMAT0016991_Mus_musculus_miR.152.5p	0.9962374074328	2.78283162905859e-05	217.757359215825
mmu.miR.152.3p_MIMAT0000162_Mus_musculus_miR.152.3p	0.695382330781628	0.0657562421430067	2749.85479111837
mmu.miR.153.3p_MIMAT0000163_Mus_musculus_miR.153.3p	-0.378500070980759	0.721977535150843	2.54191213986401
mmu.miR.154.5p_MIMAT0000164_Mus_musculus_miR.154.5p	0.771971683806615	0.0966180715749607	35.75876233618
mmu.miR.154.3p_MIMAT0004537_Mus_musculus_miR.154.3p	1.93620550955472	0.00278022526347272	3.42208694572846
mmu.miR.155.5p_MIMAT0000165_Mus_musculus_miR.155.5p	0.293752077684761	0.628831676558645	255.484247546917
mmu.miR.10b.5p_MIMAT0000208_Mus_musculus_miR.10b.5p	0.00270051566869518	0.988888076218532	16992.5735043228
mmu.miR.10b.3p_MIMAT0004538_Mus_musculus_miR.10b.3p	0.248615493991793	0.688419048538994	33.5873457121944
mmu.miR.129.5p_MIMAT0000209_Mus_musculus_miR.129.5p	0.0627186770687372	0.936322765510569	21.8362465526403
mmu.miR.181a.5p_MIMAT0000210_Mus_musculus_miR.181a.5p	-0.731069118382589	0.00844018005249849	26131.0944065078
mmu.miR.181a.2.3p_MIMAT0005443_Mus_musculus_miR.181a.2.3p	-0.495178112913538	0.22631029818834	145.154277563466
mmu.miR.182.5p_MIMAT0000211_Mus_musculus_miR.182.5p	0.298603362340476	0.501390600077869	181.264769366199
mmu.miR.183.5p_MIMAT0000212_Mus_musculus_miR.183.5p	0.332198586096858	0.464965725588006	49.3197783317627
mmu.miR.184.3p_MIMAT0000213_Mus_musculus_miR.184.3p	-0.0145405390801321	0.950201005203036	16.7621584850772
mmu.miR.185.5p_MIMAT0000214_Mus_musculus_miR.185.5p	-0.266615599202667	0.302484900062526	894.01523039225
mmu.miR.185.3p_MIMAT0016996_Mus_musculus_miR.185.3p	-0.409892965240062	0.517647270983722	15.7252262829652
mmu.miR.186.5p_MIMAT0000215_Mus_musculus_miR.186.5p	-0.396480309685471	0.129059217362238	978.117936088084
mmu.miR.187.3p_MIMAT0000216_Mus_musculus_miR.187.3p	-0.309370531195404	0.601671453566122	21.9261443997089
mmu.miR.188.5p_MIMAT0000217_Mus_musculus_miR.188.5p	0.238045025665448	0.783852712001096	3.7630758279233
mmu.miR.24.1.5p_MIMAT0000218_Mus_musculus_miR.24.1.5p	0.0854617856145024	0.883576346876678	129.143435943703
mmu.miR.24.3p_MIMAT0000219_Mus_musculus_miR.24.3p	0.176460019810252	0.723574958832674	19968.0209644866
mmu.miR.190a.5p_MIMAT0000220_Mus_musculus_miR.190a.5p	0.244075777013987	0.818075374229862	5.78284597546177
mmu.miR.191.5p_MIMAT0000221_Mus_musculus_miR.191.5p	-0.560300400673219	0.217829974045382	13072.1401753631
mmu.miR.191.3p_MIMAT0004542_Mus_musculus_miR.191.3p	-0.06811758586576	0.89198694008948	25.3529120291112
mmu.miR.193a.5p_MIMAT0004544_Mus_musculus_miR.193a.5p	-0.633679973022369	0.148025363083872	31.6943689511236
mmu.miR.193a.3p_MIMAT0000223_Mus_musculus_miR.193a.3p	-0.578271603485577	0.476388278020831	3.84022310758866
mmu.miR.194.5p_MIMAT0000224_Mus_musculus_miR.194.5p	-0.305155046058852	0.50114091075877	308.790908425697
mmu.miR.195a.5p_MIMAT0000225_Mus_musculus_miR.195a.5p	0.189532363392092	0.628831676558645	953.476701768055
mmu.miR.195a.3p_MIMAT0017000_Mus_musculus_miR.195a.3p	0.145134377858807	0.802944190281613	154.827143009171
mmu.miR.199a.5p_MIMAT0000229_Mus_musculus_miR.199a.5p	1.11535904678769	2.77651881532159e-05	16452.6416073461
mmu.miR.199a.3p_MIMAT0000230_Mus_musculus_miR.199a.3p	1.07311763727954	0.000218776491903625	45156.7137792391
mmu.miR.200b.3p_MIMAT0000233_Mus_musculus_miR.200b.3p	-0.518361758776997	0.359100957426098	24.4920017087638
mmu.miR.203.3p_MIMAT0000236_Mus_musculus_miR.203.3p	-0.422183611509475	0.299746089342752	157.590750180248
mmu.miR.204.5p_MIMAT0000237_Mus_musculus_miR.204.5p	-0.524652392325822	0.123871880705645	235.313616233272
mmu.miR.204.3p_MIMAT0017002_Mus_musculus_miR.204.3p	-0.242850210728486	0.762967004213542	4.83830558153218
mmu.miR.206.3p_MIMAT0000239_Mus_musculus_miR.206.3p	-0.335096213970806	0.606969347661571	5267.75902621239
mmu.miR.122.5p_MIMAT0000246_Mus_musculus_miR.122.5p	-0.242273413480451	0.850459717501592	4.26410994796459
mmu.miR.143.5p_MIMAT0017006_Mus_musculus_miR.143.5p	-0.272465668760885	0.688099014455804	85.6729206394163
mmu.miR.143.3p_MIMAT0000247_Mus_musculus_miR.143.3p	0.150308133945989	0.800600084507372	24721.4442861681
mmu.miR.30e.5p_MIMAT0000248_Mus_musculus_miR.30e.5p	-0.331831847640738	0.628831676558645	1842.25632237152
mmu.miR.30e.3p_MIMAT0000249_Mus_musculus_miR.30e.3p	-0.137777958176846	0.751383201168076	1025.91668021962
mmu.miR.296.5p_MIMAT0000374_Mus_musculus_miR.296.5p	-0.499220438517469	0.350185180960575	40.3430796602186
mmu.miR.296.3p_MIMAT0004576_Mus_musculus_miR.296.3p	0.482970866789726	0.387150357424807	30.5894721941446
mmu.miR.298.5p_MIMAT0000376_Mus_musculus_miR.298.5p	-0.0563564498078666	0.919867762440483	59.681356967553
mmu.miR.299a.5p_MIMAT0000377_Mus_musculus_miR.299a.5p	0.419512911656486	0.400999049015239	24.063780972133
mmu.miR.299a.3p_MIMAT0004577_Mus_musculus_miR.299a.3p	1.63285392451424	4.72985083567874e-07	52.7663142615368
mmu.miR.300.3p_MIMAT0000378_Mus_musculus_miR.300.3p	1.89466235411719	1.32463734618902e-14	260.206443394379
mmu.miR.301a.5p_MIMAT0017008_Mus_musculus_miR.301a.5p	0.395443885311163	0.435097392931816	44.9731350247861
mmu.miR.301a.3p_MIMAT0000379_Mus_musculus_miR.301a.3p	-0.425304946243164	0.688099014455804	5.0400009269642
mmu.miR.34c.5p_MIMAT0000381_Mus_musculus_miR.34c.5p	2.61264379070295	2.09154590551006e-19	171.686522644306
mmu.miR.34c.3p_MIMAT0004580_Mus_musculus_miR.34c.3p	1.57657732277069	0.00567319967158947	8.3898448460002
mmu.miR.34b.5p_MIMAT0000382_Mus_musculus_miR.34b.5p	2.33013361807788	5.56676105552452e-09	23.3615457180735
mmu.miR.34b.3p_MIMAT0004581_Mus_musculus_miR.34b.3p	2.07046012507109	7.70648274297179e-09	23.8337936295386
mmu.let.7d.5p_MIMAT0000383_Mus_musculus_let.7d.5p	0.239208698477167	0.501390600077869	10091.4428321674
mmu.let.7d.3p_MIMAT0000384_Mus_musculus_let.7d.3p	-0.236239327227471	0.688099014455804	1556.03255288382
mmu.miR.106a.5p_MIMAT0000385_Mus_musculus_miR.106a.5p	-0.661671821840871	0.156624639546315	42.0745204126337
mmu.miR.106b.5p_MIMAT0000386_Mus_musculus_miR.106b.5p	-0.404287314502116	0.372084161986464	129.269643569
mmu.miR.106b.3p_MIMAT0004582_Mus_musculus_miR.106b.3p	-0.762431109687108	0.0419877278159534	924.707126909935
mmu.miR.130b.5p_MIMAT0004583_Mus_musculus_miR.130b.5p	-0.621458444446831	0.21059101116857	188.695241851651
mmu.miR.130b.3p_MIMAT0000387_Mus_musculus_miR.130b.3p	-0.278683290472343	0.688419048538994	15.6760264557328
mmu.miR.19b.3p_MIMAT0000513_Mus_musculus_miR.19b.3p	-0.225454045309345	0.688099014455804	354.819980111723
mmu.miR.30c.5p_MIMAT0000514_Mus_musculus_miR.30c.5p	-0.394288015055009	0.326898811472189	12546.1350651023
mmu.miR.30c.1.3p_MIMAT0004616_Mus_musculus_miR.30c.1.3p	-0.425450251769392	0.409674620409123	33.9720450332248
mmu.miR.30c.2.3p_MIMAT0005438_Mus_musculus_miR.30c.2.3p	-0.648369460246273	0.118145221916931	246.403222310605
mmu.miR.30d.5p_MIMAT0000515_Mus_musculus_miR.30d.5p	-0.60528188259596	4.98627661052774e-06	13150.3742854074
mmu.miR.30d.3p_MIMAT0017011_Mus_musculus_miR.30d.3p	0.0703648160976389	0.916810789725978	30.7507552053109
mmu.miR.148a.5p_MIMAT0004617_Mus_musculus_miR.148a.5p	0.311437341154427	0.440301305015882	246.144683716828
mmu.miR.148a.3p_MIMAT0000516_Mus_musculus_miR.148a.3p	0.179132645017771	0.850459717501592	228402.076108544
mmu.miR.192.5p_MIMAT0000517_Mus_musculus_miR.192.5p	-0.0562465236835399	0.89198694008948	309.944477146151
mmu.miR.196a.5p_MIMAT0000518_Mus_musculus_miR.196a.5p	0.228960410518549	0.646714440254145	2981.06035104118
mmu.miR.200a.3p_MIMAT0000519_Mus_musculus_miR.200a.3p	0.0211950423892033	0.981182902369505	14.4255433190285
mmu.let.7a.5p_MIMAT0000521_Mus_musculus_let.7a.5p	0.221172692125061	0.50114091075877	26418.4796939448
mmu.let.7a.1.3p_MIMAT0004620_Mus_musculus_let.7a.1.3p	0.369159955045785	0.518381567515065	820.369568915981
mmu.let.7b.5p_MIMAT0000522_Mus_musculus_let.7b.5p	0.223496585619117	0.618112739370056	15152.5499141427
mmu.let.7b.3p_MIMAT0004621_Mus_musculus_let.7b.3p	-0.210535928990996	0.732994758355176	171.564399994729
mmu.let.7c.5p_MIMAT0000523_Mus_musculus_let.7c.5p	0.37634004130829	0.205517488934487	55187.2028613782
mmu.let.7c.1.3p_MIMAT0004622_Mus_musculus_let.7c.1.3p	1.04259987660138	0.0060393528018276	25.9451194908448
mmu.let.7c.2.3p_MIMAT0005439_Mus_musculus_let.7c.2.3p	0.369159955045785	0.518381567515065	820.369568915981
mmu.let.7e.5p_MIMAT0000524_Mus_musculus_let.7e.5p	0.605501374209452	0.0230698291778295	2174.87605981631
mmu.let.7e.3p_MIMAT0017016_Mus_musculus_let.7e.3p	0.0364318218056897	0.940645364132857	45.9770346957891
mmu.let.7f.5p_MIMAT0000525_Mus_musculus_let.7f.5p	0.160606405714307	0.675704100685977	63947.5221464651
mmu.let.7f.1.3p_MIMAT0004623_Mus_musculus_let.7f.1.3p	0.111595016412832	0.821994162323193	69.3185149326738
mmu.miR.15a.5p_MIMAT0000526_Mus_musculus_miR.15a.5p	-0.165972510310517	0.783852712001096	60.510999655209
mmu.miR.15a.3p_MIMAT0004624_Mus_musculus_miR.15a.3p	-0.0533771445715071	0.939542986629678	6.48679487626156
mmu.miR.16.5p_MIMAT0000527_Mus_musculus_miR.16.5p	-0.201359739997041	0.693112679505402	3727.01632449783
mmu.miR.16.1.3p_MIMAT0004625_Mus_musculus_miR.16.1.3p	0.254289853514802	0.688099014455804	43.1621859944882
mmu.miR.16.2.3p_MIMAT0017018_Mus_musculus_miR.16.2.3p	0.0445169358656615	0.969180060882218	9.97207834486714
mmu.miR.18a.5p_MIMAT0000528_Mus_musculus_miR.18a.5p	-0.0132981593746439	0.980922738625038	78.76013046226
mmu.miR.18a.3p_MIMAT0004626_Mus_musculus_miR.18a.3p	-0.261113164898666	0.774522380553982	18.0795995792111
mmu.miR.20a.5p_MIMAT0000529_Mus_musculus_miR.20a.5p	-0.541710941815336	0.0958909451291901	1891.10572604688
mmu.miR.21a.5p_MIMAT0000530_Mus_musculus_miR.21a.5p	1.6276172795792	1.02680495817266e-07	19461.7659977813
mmu.miR.21a.3p_MIMAT0004628_Mus_musculus_miR.21a.3p	1.25341920612303	0.0173573485298764	9.33610593117192
mmu.miR.22.5p_MIMAT0004629_Mus_musculus_miR.22.5p	0.126066756982199	0.806998129918561	843.656189329108
mmu.miR.22.3p_MIMAT0000531_Mus_musculus_miR.22.3p	0.233330053437659	0.688099014455804	13970.191716017
mmu.miR.23a.5p_MIMAT0017019_Mus_musculus_miR.23a.5p	0.318742472823411	0.732994758355176	7.04290997213055
mmu.miR.23a.3p_MIMAT0000532_Mus_musculus_miR.23a.3p	-0.312911693062419	0.387559927092107	4153.58614748014
mmu.miR.24.2.5p_MIMAT0005440_Mus_musculus_miR.24.2.5p	0.311813094608233	0.518381567515065	2415.55037672407
mmu.miR.26a.5p_MIMAT0000533_Mus_musculus_miR.26a.5p	-0.302017977853868	0.508882690671306	134178.905598068
mmu.miR.26a.1.3p_MIMAT0017020_Mus_musculus_miR.26a.1.3p	-0.209614734055886	0.863235529853932	3.95661022744901
mmu.miR.26b.5p_MIMAT0000534_Mus_musculus_miR.26b.5p	-0.359453424346844	0.486966923282154	3674.57633621877
mmu.miR.26b.3p_MIMAT0004630_Mus_musculus_miR.26b.3p	-0.14860705747384	0.806998129918561	13.751305685672
mmu.miR.29a.5p_MIMAT0004631_Mus_musculus_miR.29a.5p	-0.220250495526324	0.795189594611729	4.67585276920011
mmu.miR.29a.3p_MIMAT0000535_Mus_musculus_miR.29a.3p	-0.211912936606438	0.646211703685771	5739.08450275177
mmu.miR.29c.5p_MIMAT0004632_Mus_musculus_miR.29c.5p	-0.20474878411919	0.777504463969023	39.0877426394581
mmu.miR.29c.3p_MIMAT0000536_Mus_musculus_miR.29c.3p	-0.000358537954084752	0.985326968533826	54.9077191683485
mmu.miR.27a.5p_MIMAT0004633_Mus_musculus_miR.27a.5p	0.566213294248578	0.22631029818834	467.704967187164
mmu.miR.27a.3p_MIMAT0000537_Mus_musculus_miR.27a.3p	0.200646631244247	0.774278862254066	21192.6701901734
mmu.miR.31.5p_MIMAT0000538_Mus_musculus_miR.31.5p	1.88881627098418	1.65304527002979e-08	19.2651232799467
mmu.miR.92a.3p_MIMAT0000539_Mus_musculus_miR.92a.3p	-0.60736189904473	0.144483387069687	317.461394818479
mmu.miR.93.5p_MIMAT0000540_Mus_musculus_miR.93.5p	-0.716026648552549	0.00762615335947196	2388.27807652038
mmu.miR.93.3p_MIMAT0004636_Mus_musculus_miR.93.3p	-0.827980695300009	0.20806016566749	12.3058880657343
mmu.miR.96.5p_MIMAT0000541_Mus_musculus_miR.96.5p	0.266178632224812	0.777504463969023	35.6067389681163
mmu.miR.34a.5p_MIMAT0000542_Mus_musculus_miR.34a.5p	0.770798224247771	0.147870744709174	37.8008436753667
mmu.miR.98.5p_MIMAT0000545_Mus_musculus_miR.98.5p	0.284050279533317	0.350185180960575	1676.41308191067
mmu.miR.98.3p_MIMAT0017023_Mus_musculus_miR.98.3p	0.120707565162104	0.877892935637274	8.52757301209161
mmu.miR.103.3p_MIMAT0000546_Mus_musculus_miR.103.3p	-0.540909345313723	0.00864878272983677	3797.85275127434
mmu.miR.322.5p_MIMAT0000548_Mus_musculus_miR.322.5p	0.330109323905034	0.606969347661571	111.333800147443
mmu.miR.322.3p_MIMAT0000549_Mus_musculus_miR.322.3p	0.245563793036064	0.486966923282154	261.377417350743
mmu.miR.323.3p_MIMAT0000551_Mus_musculus_miR.323.3p	2.04342448546933	4.87344867465793e-05	7.27144247532248
mmu.miR.324.5p_MIMAT0000555_Mus_musculus_miR.324.5p	-0.420778012769768	0.547479263569037	22.3449183564842
mmu.miR.326.3p_MIMAT0000559_Mus_musculus_miR.326.3p	-0.688039913230079	0.119204044037421	83.3492476692578
mmu.miR.328.3p_MIMAT0000565_Mus_musculus_miR.328.3p	-0.658213857945256	0.147870744709174	2061.35985791017
mmu.miR.329.5p_MIMAT0017032_Mus_musculus_miR.329.5p	0.304222774884379	0.640297565293747	17.7249833631115
mmu.miR.329.3p_MIMAT0000567_Mus_musculus_miR.329.3p	0.8830452607392	0.00278022526347272	60.8045001456838
mmu.miR.330.5p_MIMAT0004642_Mus_musculus_miR.330.5p	-0.570805919142472	0.168390960894114	99.2887056982199
mmu.miR.330.3p_MIMAT0000569_Mus_musculus_miR.330.3p	-0.199331583631269	0.799567599389061	15.5372759406449
mmu.miR.331.5p_MIMAT0004643_Mus_musculus_miR.331.5p	-0.120521373687043	0.866547644789029	12.1401070489043
mmu.miR.331.3p_MIMAT0000571_Mus_musculus_miR.331.3p	-0.661595330668692	0.359312101366579	10.9629154535537
mmu.miR.337.5p_MIMAT0004644_Mus_musculus_miR.337.5p	1.25645686745292	5.02556475806226e-05	433.44258334264
mmu.miR.148b.5p_MIMAT0017036_Mus_musculus_miR.148b.5p	-0.105447760462076	0.864725044031249	64.1167439883908
mmu.miR.148b.3p_MIMAT0000580_Mus_musculus_miR.148b.3p	0.223642177324553	0.688099014455804	3680.59769186911
mmu.miR.338.5p_MIMAT0004647_Mus_musculus_miR.338.5p	-0.588826355057641	0.0958909451291901	71.7258269715026
mmu.miR.338.3p_MIMAT0000582_Mus_musculus_miR.338.3p	-0.0945556095067988	0.89198694008948	28.9498591053387
mmu.miR.339.5p_MIMAT0000584_Mus_musculus_miR.339.5p	-0.560157383183972	0.0958909451291901	330.497869037847
mmu.miR.339.3p_MIMAT0004649_Mus_musculus_miR.339.3p	-0.382891249556699	0.387559927092107	85.9942750755921
mmu.miR.340.5p_MIMAT0004651_Mus_musculus_miR.340.5p	-0.0255099943858363	0.9457534631125	2109.74481418003
mmu.miR.340.3p_MIMAT0000586_Mus_musculus_miR.340.3p	0.0460742258197493	0.938412700349214	427.528690047801
mmu.miR.341.3p_MIMAT0000588_Mus_musculus_miR.341.3p	1.97978720184353	1.32455784665792e-06	18.7963670930267
mmu.miR.342.5p_MIMAT0004653_Mus_musculus_miR.342.5p	0.216179405386513	0.800600084507372	19.5282464632955
mmu.miR.342.3p_MIMAT0000590_Mus_musculus_miR.342.3p	-0.888577750942212	0.00572451897324516	220.680067231216
mmu.miR.345.5p_MIMAT0000595_Mus_musculus_miR.345.5p	0.068980235393191	0.940625935708391	9.70542466188461
mmu.miR.345.3p_MIMAT0004656_Mus_musculus_miR.345.3p	0.015427075819664	0.980922738625038	52.3897790490059
mmu.miR.350.3p_MIMAT0000605_Mus_musculus_miR.350.3p	-0.215669933491745	0.710893885965745	35.6805056009608
mmu.miR.351.5p_MIMAT0000609_Mus_musculus_miR.351.5p	-0.160692564498456	0.732158154026501	475.113596325854
mmu.miR.135b.5p_MIMAT0000612_Mus_musculus_miR.135b.5p	0.271004593132065	0.777504463969023	6.67488948815994
mmu.miR.101b.3p_MIMAT0000616_Mus_musculus_miR.101b.3p	-0.279400180778501	0.698294596728129	102.306645844688
mmu.miR.107.3p_MIMAT0000647_Mus_musculus_miR.107.3p	-0.684034436860391	0.00174535397730688	629.748470570902
mmu.miR.10a.5p_MIMAT0000648_Mus_musculus_miR.10a.5p	-0.333676837483024	0.205517488934487	17495.667595323
mmu.miR.10a.3p_MIMAT0004659_Mus_musculus_miR.10a.3p	-0.403233147266461	0.346242042076819	113.113018578741
mmu.miR.17.5p_MIMAT0000649_Mus_musculus_miR.17.5p	-0.629689696435558	0.191822531774715	1031.32140213773
mmu.miR.17.3p_MIMAT0000650_Mus_musculus_miR.17.3p	-0.187183224754421	0.764721058651684	31.4133617019641
mmu.miR.19a.3p_MIMAT0000651_Mus_musculus_miR.19a.3p	-0.050728312207238	0.932269736718383	259.022797500593
mmu.miR.25.5p_MIMAT0017049_Mus_musculus_miR.25.5p	-0.388493148775832	0.606969347661571	13.0608787293423
mmu.miR.25.3p_MIMAT0000652_Mus_musculus_miR.25.3p	-0.410162605359704	0.350185180960575	7972.88697287508
mmu.miR.28a.5p_MIMAT0000653_Mus_musculus_miR.28a.5p	0.423963880254296	0.186443027443168	171.427342995178
mmu.miR.28a.3p_MIMAT0004661_Mus_musculus_miR.28a.3p	0.0811691843680323	0.877892935637274	176.570563886331
mmu.miR.32.5p_MIMAT0000654_Mus_musculus_miR.32.5p	0.191845108725983	0.804197679766849	253.234317437479
mmu.miR.32.3p_MIMAT0017050_Mus_musculus_miR.32.3p	0.320950762439869	0.710544828463001	4.64068562771375
mmu.miR.100.5p_MIMAT0000655_Mus_musculus_miR.100.5p	-0.21162033833215	0.416519051016712	7876.04010286987
mmu.miR.139.5p_MIMAT0000656_Mus_musculus_miR.139.5p	-0.659294362628909	0.137048277357311	1280.97856136551
mmu.miR.139.3p_MIMAT0004662_Mus_musculus_miR.139.3p	-0.551721720757135	0.357031076024337	19.6274962846398
mmu.miR.200c.3p_MIMAT0000657_Mus_musculus_miR.200c.3p	-0.851363260317272	0.0211386933083649	213.153277895861
mmu.miR.210.5p_MIMAT0017052_Mus_musculus_miR.210.5p	-0.278695656757894	0.846185709986025	4.27361068143647
mmu.miR.210.3p_MIMAT0000658_Mus_musculus_miR.210.3p	0.456265231078313	0.376829855240976	78.6387058141045
mmu.miR.212.5p_MIMAT0017053_Mus_musculus_miR.212.5p	0.689263659622122	0.0592545076664975	45.9250008176345
mmu.miR.212.3p_MIMAT0000659_Mus_musculus_miR.212.3p	0.191575991648272	0.827763176164328	4.80091879777312
mmu.miR.181a.1.3p_MIMAT0000660_Mus_musculus_miR.181a.1.3p	-0.137055757051506	0.774522380553982	146.482506268517
mmu.miR.214.5p_MIMAT0004664_Mus_musculus_miR.214.5p	1.44310635104354	1.37473421276542e-08	1446.8101554018
mmu.miR.214.3p_MIMAT0000661_Mus_musculus_miR.214.3p	1.05200151717172	0.000114236357576827	422.505370055082
mmu.miR.218.5p_MIMAT0000663_Mus_musculus_miR.218.5p	-0.104676989713465	0.883695692569625	1641.09527685522
mmu.miR.219a.1.3p_MIMAT0017055_Mus_musculus_miR.219a.1.3p	0.130257126132108	0.883576346876678	11.7647228262126
mmu.miR.223.5p_MIMAT0017056_Mus_musculus_miR.223.5p	-0.405333288837956	0.327821889831217	500.646525480214
mmu.miR.223.3p_MIMAT0000665_Mus_musculus_miR.223.3p	-0.71898495990647	0.0230698291778295	1711.62681350234
mmu.miR.320.3p_MIMAT0000666_Mus_musculus_miR.320.3p	0.0947628413195527	0.818075374229862	776.025621064138
mmu.miR.26a.2.3p_MIMAT0017058_Mus_musculus_miR.26a.2.3p	0.60232960909676	0.361442233380583	71.6070140461174
mmu.miR.33.5p_MIMAT0000667_Mus_musculus_miR.33.5p	0.077408320204963	0.923451817896795	6.10463083965526
mmu.miR.221.5p_MIMAT0017060_Mus_musculus_miR.221.5p	-0.0892664252153263	0.855118891694837	231.503441662073
mmu.miR.221.3p_MIMAT0000669_Mus_musculus_miR.221.3p	-0.111776105110855	0.821994162323193	3189.73040903993
mmu.miR.222.3p_MIMAT0000670_Mus_musculus_miR.222.3p	-0.208088530319637	0.688099014455804	743.623605661116
mmu.miR.224.5p_MIMAT0000671_Mus_musculus_miR.224.5p	2.00074061449749	3.08141431373426e-05	7.45185409362395
mmu.miR.29b.2.5p_MIMAT0017063_Mus_musculus_miR.29b.2.5p	-0.800590761460737	0.168358349018985	11.5495371360302
mmu.miR.199b.5p_MIMAT0000672_Mus_musculus_miR.199b.5p	0.628669922553293	0.397452381830122	1442.01755264085
mmu.miR.199b.3p_MIMAT0004667_Mus_musculus_miR.199b.3p	1.07311763727954	0.000218776491903625	45156.7137792391
mmu.miR.92a.1.5p_MIMAT0017066_Mus_musculus_miR.92a.1.5p	-0.108270865511308	0.866547644789029	26.6244083136069
mmu.miR.181b.5p_MIMAT0000673_Mus_musculus_miR.181b.5p	-0.472673143134377	0.0419917432507441	5821.68847263692
mmu.miR.181b.1.3p_MIMAT0017067_Mus_musculus_miR.181b.1.3p	0.206117528186784	0.830186879326999	4.48496054903702
mmu.miR.181c.5p_MIMAT0000674_Mus_musculus_miR.181c.5p	-0.475412569399564	0.289300568158341	78.4363011038024
mmu.miR.181c.3p_MIMAT0017068_Mus_musculus_miR.181c.3p	-0.453206550173825	0.336861928767409	34.6606160642365
mmu.miR.125b.1.3p_MIMAT0004669_Mus_musculus_miR.125b.1.3p	0.610590532104837	0.0831675563077671	269.98064679767
mmu.miR.7a.5p_MIMAT0000677_Mus_musculus_miR.7a.5p	-0.128007951023374	0.82133103513208	1012.12121944922
mmu.miR.7a.1.3p_MIMAT0004670_Mus_musculus_miR.7a.1.3p	-0.168265606863836	0.818075374229862	36.1055463106535
mmu.miR.7b.5p_MIMAT0000678_Mus_musculus_miR.7b.5p	0.0809619808118792	0.887679860020835	6836.38323590139
mmu.miR.194.2.3p_MIMAT0017073_Mus_musculus_miR.194.2.3p	-0.0880659390489121	0.899391178874942	2.80248971980268
mmu.miR.361.5p_MIMAT0000704_Mus_musculus_miR.361.5p	-0.26050319109771	0.517647270983722	190.878866171872
mmu.miR.361.3p_MIMAT0017075_Mus_musculus_miR.361.3p	-0.23638901369645	0.572522253099087	1000.31026559034
mmu.miR.362.5p_MIMAT0000706_Mus_musculus_miR.362.5p	0.122646101409994	0.866547644789029	67.7011207341838
mmu.miR.362.3p_MIMAT0004684_Mus_musculus_miR.362.3p	0.37470975458101	0.572522253099087	41.2872723338829
mmu.miR.363.5p_MIMAT0017076_Mus_musculus_miR.363.5p	-0.0395690348828856	0.980922738625038	4.12311361372775
mmu.miR.363.3p_MIMAT0000708_Mus_musculus_miR.363.3p	-0.341566475498803	0.452804107863213	108.3664120376
mmu.miR.365.1.5p_MIMAT0017077_Mus_musculus_miR.365.1.5p	0.388889201014656	0.688099014455804	8.52064855166517
mmu.miR.365.3p_MIMAT0000711_Mus_musculus_miR.365.3p	-0.115012098311551	0.868579097804096	430.073341934432
mmu.miR.376a.5p_MIMAT0003387_Mus_musculus_miR.376a.5p	1.47486832669485	0.00429258272553158	8.74490180112993
mmu.miR.377.3p_MIMAT0000741_Mus_musculus_miR.377.3p	1.98664451096726	0.00179573575639241	3.14092118755436
mmu.miR.378a.5p_MIMAT0000742_Mus_musculus_miR.378a.5p	-0.619548344301829	0.147870744709174	503.234007415108
mmu.miR.378a.3p_MIMAT0003151_Mus_musculus_miR.378a.3p	-0.647669045148279	0.132273168084697	14506.9317546039
mmu.miR.379.5p_MIMAT0000743_Mus_musculus_miR.379.5p	1.96664714772645	8.63255452432069e-15	1623.81590764301
mmu.miR.379.3p_MIMAT0017080_Mus_musculus_miR.379.3p	2.01186362704508	8.37305109078526e-15	70.4389550908403
mmu.miR.380.5p_MIMAT0000744_Mus_musculus_miR.380.5p	1.42959136027386	0.0113739628850232	5.16534482106987
mmu.miR.380.3p_MIMAT0000745_Mus_musculus_miR.380.3p	2.80912544303744	9.55561582477729e-13	13.6033008377903
mmu.miR.381.3p_MIMAT0000746_Mus_musculus_miR.381.3p	1.67063900373599	2.09130619995581e-07	915.057939383194
mmu.miR.382.5p_MIMAT0000747_Mus_musculus_miR.382.5p	1.53148986850773	2.13316355263462e-14	192.581759200549
mmu.miR.335.5p_MIMAT0000766_Mus_musculus_miR.335.5p	2.13027096188673	1.87153715321599e-07	49.7821624034759
mmu.miR.335.3p_MIMAT0004704_Mus_musculus_miR.335.3p	3.22788580949096	5.55664331256656e-23	186.711539784745
mmu.miR.133b.3p_MIMAT0000769_Mus_musculus_miR.133b.3p	-0.578698220399513	0.347292979447925	1394.34628411953
mmu.miR.196b.5p_MIMAT0001081_Mus_musculus_miR.196b.5p	0.282365726891295	0.423715740484876	2781.92077681234
mmu.miR.409.5p_MIMAT0004746_Mus_musculus_miR.409.5p	0.848001857979828	0.0202985534320578	51.464639775874
mmu.miR.409.3p_MIMAT0001090_Mus_musculus_miR.409.3p	1.99722434842037	3.27192603035309e-08	93.5602144110678
mmu.miR.410.3p_MIMAT0001091_Mus_musculus_miR.410.3p	1.46337146367501	1.9187470584931e-05	34.9976697845413
mmu.miR.376b.5p_MIMAT0003388_Mus_musculus_miR.376b.5p	0.418129470806656	0.520175630453413	77.0850533405379
mmu.miR.376b.3p_MIMAT0001092_Mus_musculus_miR.376b.3p	2.31890925210116	2.01008558949863e-05	7.39776105632123
mmu.miR.411.5p_MIMAT0004747_Mus_musculus_miR.411.5p	1.37396456525521	7.18846082794647e-10	821.269302799216
mmu.miR.411.3p_MIMAT0001093_Mus_musculus_miR.411.3p	1.98829023531258	4.35941727190761e-15	107.581791692369
mmu.miR.412.5p_MIMAT0017173_Mus_musculus_miR.412.5p	0.673076893033023	0.437988879105	3.28265626490414
mmu.miR.370.3p_MIMAT0001095_Mus_musculus_miR.370.3p	1.72001430420337	6.80078063289229e-10	90.5619647540648
mmu.miR.425.5p_MIMAT0004750_Mus_musculus_miR.425.5p	-0.244390763253606	0.614470218239416	347.262590931794
mmu.miR.425.3p_MIMAT0001342_Mus_musculus_miR.425.3p	-0.265410881519327	0.690125075444711	20.1293787752777
mmu.miR.431.5p_MIMAT0001418_Mus_musculus_miR.431.5p	1.92584501783514	1.34023666489537e-11	40.0212191397343
mmu.miR.433.3p_MIMAT0001420_Mus_musculus_miR.433.3p	1.36275540225573	0.00095868996242334	64.3118185177677
mmu.miR.434.5p_MIMAT0001421_Mus_musculus_miR.434.5p	1.82425584801048	2.26033796513698e-09	1562.58304279163
mmu.miR.434.3p_MIMAT0001422_Mus_musculus_miR.434.3p	0.484755433511017	0.147870744709174	612.482841206521
mmu.miR.429.3p_MIMAT0001537_Mus_musculus_miR.429.3p	0.0294361519737694	0.950201005203036	5.99615660218402
mmu.miR.365.2.5p_MIMAT0017179_Mus_musculus_miR.365.2.5p	-0.229690897541296	0.776868491298556	6.05301760848448
mmu.miR.449a.5p_MIMAT0001542_Mus_musculus_miR.449a.5p	0.0354208197338014	0.981182902369505	3.92123707045845
mmu.miR.450a.5p_MIMAT0001546_Mus_musculus_miR.450a.5p	0.491566296109588	0.139897079644085	244.058561961138
mmu.miR.450a.1.3p_MIMAT0017182_Mus_musculus_miR.450a.1.3p	0.420802492155438	0.688099014455804	3.69515422177463
mmu.miR.451a_MIMAT0001632_Mus_musculus_miR.451a	-0.242827792463535	0.688099014455804	2663.55174575451
mmu.miR.466a.3p_MIMAT0002107_Mus_musculus_miR.466a.3p	0.0676889955235686	0.921575348632966	18.1137930924942
mmu.miR.467a.5p_MIMAT0003409_Mus_musculus_miR.467a.5p	0.344286993751007	0.424194443885548	174.181742956237
mmu.miR.467a.3p_MIMAT0002108_Mus_musculus_miR.467a.3p	0.374236951990081	0.721977535150843	3.71240195448168
mmu.miR.532.5p_MIMAT0002889_Mus_musculus_miR.532.5p	-0.0812961510528172	0.883576346876678	1070.23435423823
mmu.miR.532.3p_MIMAT0004781_Mus_musculus_miR.532.3p	-0.446495872411283	0.416519051016712	40.3035445126795
mmu.miR.484_MIMAT0003127_Mus_musculus_miR.484	-0.14944708514539	0.8004488744406	707.900304832552
mmu.miR.485.5p_MIMAT0003128_Mus_musculus_miR.485.5p	0.536641119460972	0.421341999675637	13.786925397562
mmu.miR.486a.5p_MIMAT0003130_Mus_musculus_miR.486a.5p	-1.14112982856999	2.01008558949863e-05	8466.85123749888
mmu.miR.486a.3p_MIMAT0017206_Mus_musculus_miR.486a.3p	-1.04131284848963	0.00134097854636604	690.132779463027
mmu.miR.540.3p_MIMAT0003167_Mus_musculus_miR.540.3p	0.698878405955115	0.335260165805066	4.56985076636315
mmu.miR.543.3p_MIMAT0003168_Mus_musculus_miR.543.3p	1.85272529714026	5.86090174052536e-06	117.860311921562
mmu.miR.539.5p_MIMAT0003169_Mus_musculus_miR.539.5p	0.152519759274521	0.893698865179161	6.41540781678729
mmu.miR.541.5p_MIMAT0003170_Mus_musculus_miR.541.5p	1.88875872944529	1.11123262360811e-21	1253.39765398731
mmu.miR.542.3p_MIMAT0003172_Mus_musculus_miR.542.3p	-0.0572685080132055	0.923451817896795	22.3931349249855
mmu.miR.494.3p_MIMAT0003182_Mus_musculus_miR.494.3p	1.49798733221487	0.0148729053719927	3.06577329108317
mmu.miR.376c.3p_MIMAT0003183_Mus_musculus_miR.376c.3p	1.13973163269263	0.0132404997409795	17.7367861415109
mmu.miR.487b.3p_MIMAT0003184_Mus_musculus_miR.487b.3p	0.833539642814243	0.214856494326306	5.92311909798475
mmu.miR.369.5p_MIMAT0003185_Mus_musculus_miR.369.5p	1.45810820193237	2.09130619995581e-07	46.7481937604878
mmu.miR.369.3p_MIMAT0003186_Mus_musculus_miR.369.3p	1.74225802351156	0.000576182671662424	39.8449155038359
mmu.miR.20b.5p_MIMAT0003187_Mus_musculus_miR.20b.5p	-0.612718049500009	0.259739257738525	86.1321949128283
mmu.miR.503.5p_MIMAT0003188_Mus_musculus_miR.503.5p	-0.0633268960677465	0.91374580671693	116.429417767452
mmu.miR.503.3p_MIMAT0004790_Mus_musculus_miR.503.3p	-0.0984168989897921	0.877892935637274	70.3006780883475
mmu.miR.1247.5p_MIMAT0014800_Mus_musculus_miR.1247.5p	-0.634455479511291	0.427309536737639	4.48702327576857
mmu.miR.301b.5p_MIMAT0017232_Mus_musculus_miR.301b.5p	-0.0255908380957619	0.969180060882218	6.7233140815155
mmu.miR.301b.3p_MIMAT0004186_Mus_musculus_miR.301b.3p	-0.267664591537877	0.806998129918561	4.10778755043023
mmu.miR.744.5p_MIMAT0004187_Mus_musculus_miR.744.5p	-0.471319068928577	0.347292979447925	1367.83193443136
mmu.miR.744.3p_MIMAT0004820_Mus_musculus_miR.744.3p	-0.49628486284678	0.421341999675637	14.314186179684
mmu.miR.374b.5p_MIMAT0003727_Mus_musculus_miR.374b.5p	0.304645075951724	0.583305870285239	823.99336874334
mmu.miR.592.5p_MIMAT0003730_Mus_musculus_miR.592.5p	0.136296021528186	0.89198694008948	7.81947377332067
mmu.miR.1249.3p_MIMAT0010560_Mus_musculus_miR.1249.3p	-0.0650999714889844	0.91374580671693	62.8707565764198
mmu.miR.671.5p_MIMAT0003731_Mus_musculus_miR.671.5p	-0.158305833175217	0.865107112047432	8.47399418522113
mmu.miR.671.3p_MIMAT0004821_Mus_musculus_miR.671.3p	0.163844956819317	0.800600084507372	64.0213362342542
mmu.miR.668.3p_MIMAT0003732_Mus_musculus_miR.668.3p	0.241822808929842	0.718364387349504	11.7620180820392
mmu.miR.1843a.5p_MIMAT0014805_Mus_musculus_miR.1843a.5p	-0.303300778301243	0.424258043142151	192.055832755093
mmu.miR.1843a.3p_MIMAT0014806_Mus_musculus_miR.1843a.3p	-0.174172555032509	0.777504463969023	55.818832820715
mmu.miR.667.5p_MIMAT0017239_Mus_musculus_miR.667.5p	1.32251977795457	0.0296483673764818	4.93631625301011
mmu.miR.667.3p_MIMAT0003734_Mus_musculus_miR.667.3p	1.21317894525835	0.0257516740591417	8.46609823653944
mmu.miR.770.3p_MIMAT0003891_Mus_musculus_miR.770.3p	1.76696793130239	0.00255267385459311	3.96191158888401
mmu.miR.672.5p_MIMAT0003735_Mus_musculus_miR.672.5p	0.176301163471047	0.795189594611729	21.4381244936804
mmu.miR.669a.5p_MIMAT0003477_Mus_musculus_miR.669a.5p	0.314479052367733	0.424194443885548	81.5485540620697
mmu.miR.669a.3p_MIMAT0017243_Mus_musculus_miR.669a.3p	-0.262917224543337	0.688099014455804	23.6302848969313
mmu.miR.666.5p_MIMAT0003737_Mus_musculus_miR.666.5p	1.07880269227879	0.031519408184618	9.31888562617081
mmu.miR.673.5p_MIMAT0003739_Mus_musculus_miR.673.5p	0.223056287418298	0.774522380553982	14.1689666455358
mmu.miR.673.3p_MIMAT0004824_Mus_musculus_miR.673.3p	0.194565196256513	0.800600084507372	13.0323036441054
mmu.miR.674.5p_MIMAT0003740_Mus_musculus_miR.674.5p	0.166022980336928	0.723792344402641	64.9081471800225
mmu.miR.674.3p_MIMAT0003741_Mus_musculus_miR.674.3p	0.0668726375884064	0.921575348632966	505.403687187331
mmu.miR.497a.5p_MIMAT0003453_Mus_musculus_miR.497a.5p	0.419433744637939	0.484326329724819	306.399475259818
mmu.miR.423.5p_MIMAT0004825_Mus_musculus_miR.423.5p	-0.201894668127593	0.710893885965745	594.567333612427
mmu.miR.423.3p_MIMAT0003454_Mus_musculus_miR.423.3p	-0.476701961415684	0.359100957426098	3038.29990446693
mmu.miR.495.3p_MIMAT0003456_Mus_musculus_miR.495.3p	1.78072502229063	1.3950112697068e-08	69.7666821762314
mmu.miR.690_MIMAT0003469_Mus_musculus_miR.690	0.46534968960631	0.484326329724819	13.0139901637993
mmu.miR.146b.5p_MIMAT0003475_Mus_musculus_miR.146b.5p	-0.140973151201291	0.747743546301524	1623.7023399875
mmu.miR.146b.3p_MIMAT0004826_Mus_musculus_miR.146b.3p	-0.458558766077777	0.49052527028359	13.1021783285436
mmu.miR.467b.5p_MIMAT0005448_Mus_musculus_miR.467b.5p	0.331313696485168	0.688099014455804	7.90198514757464
mmu.miR.669c.5p_MIMAT0003479_Mus_musculus_miR.669c.5p	-0.158933529859978	0.783852712001096	46.279013502769
mmu.miR.499.5p_MIMAT0003482_Mus_musculus_miR.499.5p	-0.118872292077786	0.877892935637274	52.87143831174
mmu.miR.455.5p_MIMAT0003485_Mus_musculus_miR.455.5p	0.535085844500556	0.156624639546315	305.285910824029
mmu.miR.455.3p_MIMAT0003742_Mus_musculus_miR.455.3p	-0.0288731942172089	0.969180060882218	199.656680869275
mmu.miR.700.5p_MIMAT0017256_Mus_musculus_miR.700.5p	0.312417895776347	0.735886708298711	17.8827086138989
mmu.miR.700.3p_MIMAT0003490_Mus_musculus_miR.700.3p	-0.223703441218131	0.688099014455804	84.0938943182506
mmu.miR.708.5p_MIMAT0004828_Mus_musculus_miR.708.5p	-0.903537337136829	0.00287065695350926	243.466618542592
mmu.miR.708.3p_MIMAT0003498_Mus_musculus_miR.708.3p	-0.585917232764449	0.326898811472189	131.695493513111
mmu.miR.500.3p_MIMAT0003507_Mus_musculus_miR.500.3p	-0.119990339981853	0.845145490763878	16.8555607384125
mmu.miR.501.5p_MIMAT0003508_Mus_musculus_miR.501.5p	-0.627057778072213	0.484326329724819	3.73426444548133
mmu.miR.501.3p_MIMAT0003509_Mus_musculus_miR.501.3p	-0.059935516479166	0.921575348632966	207.112411530546
mmu.miR.450b.5p_MIMAT0003511_Mus_musculus_miR.450b.5p	0.524528436530057	0.203387087198894	57.9608313414175
mmu.miR.450b.3p_MIMAT0003512_Mus_musculus_miR.450b.3p	-0.0250797398835702	0.980922738625038	26.378574481021
mmu.miR.505.5p_MIMAT0017259_Mus_musculus_miR.505.5p	-0.669391262001109	0.408896041078461	5.10211500687017
mmu.miR.652.5p_MIMAT0017260_Mus_musculus_miR.652.5p	-0.612094881668836	0.525521002487527	3.169992658191
mmu.miR.652.3p_MIMAT0003711_Mus_musculus_miR.652.3p	-0.288839121463847	0.632743421831431	441.648625264358
mmu.miR.676.5p_MIMAT0003781_Mus_musculus_miR.676.5p	-0.411542495104647	0.387559927092107	72.1483256143432
mmu.miR.676.3p_MIMAT0003782_Mus_musculus_miR.676.3p	-0.66704705209257	0.0327353861285889	141.076679979532
mmu.miR.615.5p_MIMAT0004837_Mus_musculus_miR.615.5p	0.284636846213457	0.701208927996468	5.40203146567594
mmu.miR.615.3p_MIMAT0003783_Mus_musculus_miR.615.3p	0.634747375354841	0.191822531774715	489.387619004769
mmu.miR.181d.5p_MIMAT0004324_Mus_musculus_miR.181d.5p	-0.586735908350718	0.0172870295429394	718.614152696397
mmu.miR.190b.5p_MIMAT0004852_Mus_musculus_miR.190b.5p	-0.197960144945359	0.806998129918561	5.63748697748613
mmu.miR.147.5p_MIMAT0017269_Mus_musculus_miR.147.5p	-0.444169933134205	0.496567898186935	17.1258468247404
mmu.miR.147.3p_MIMAT0004857_Mus_musculus_miR.147.3p	0.481178696131682	0.423715740484876	25.8084536420686
mmu.miR.18b.5p_MIMAT0004858_Mus_musculus_miR.18b.5p	-0.336249079451691	0.658121528146628	9.64373925983814
mmu.miR.193b.5p_MIMAT0017271_Mus_musculus_miR.193b.5p	-0.00572446869537946	0.979290464027549	7.94985616057303
mmu.miR.193b.3p_MIMAT0004859_Mus_musculus_miR.193b.3p	-0.302343511903639	0.681087770840352	61.7715051249913
mmu.miR.421.3p_MIMAT0004869_Mus_musculus_miR.421.3p	-0.240894442792336	0.660280033456589	104.200490811657
mmu.miR.466b.3p_MIMAT0004876_Mus_musculus_miR.466b.3p	0.251848770056991	0.783852712001096	7.06091433956062
mmu.miR.466c.5p_MIMAT0004877_Mus_musculus_miR.466c.5p	-0.0516521961883749	0.950201005203036	11.8244310450554
mmu.miR.466c.3p_MIMAT0004878_Mus_musculus_miR.466c.3p	0.251848770056991	0.783852712001096	7.06091433956062
mmu.miR.466e.3p_MIMAT0004880_Mus_musculus_miR.466e.3p	0.0676889955235686	0.921575348632966	18.1137930924942
mmu.miR.467c.5p_MIMAT0004885_Mus_musculus_miR.467c.5p	-0.160974371422939	0.774522380553982	75.4546815868155
mmu.miR.467d.5p_MIMAT0004886_Mus_musculus_miR.467d.5p	-0.211569155328667	0.799567599389061	13.6729365543801
mmu.miR.467d.3p_MIMAT0004887_Mus_musculus_miR.467d.3p	0.543401103391963	0.464965725588006	7.6240734081369
mmu.miR.493.3p_MIMAT0004888_Mus_musculus_miR.493.3p	1.12335223565189	0.0327353861285889	6.31723803131299
mmu.miR.504.5p_MIMAT0004889_Mus_musculus_miR.504.5p	-0.666894384525727	0.191822531774715	35.5241857156275
mmu.miR.574.5p_MIMAT0004893_Mus_musculus_miR.574.5p	-0.058338369060709	0.916810789725978	65.2621028939402
mmu.miR.574.3p_MIMAT0004894_Mus_musculus_miR.574.3p	-0.353761623955436	0.464965725588006	447.386432258813
mmu.miR.92b.5p_MIMAT0017278_Mus_musculus_miR.92b.5p	0.180120762182165	0.863235529853932	5.82269583084064
mmu.miR.92b.3p_MIMAT0004899_Mus_musculus_miR.92b.3p	-0.532227388417358	0.318514507963656	706.341165602745
mmu.miR.466d.3p_MIMAT0004931_Mus_musculus_miR.466d.3p	-0.199402207684552	0.878926254023417	2.67887595081441
mmu.miR.872.5p_MIMAT0004934_Mus_musculus_miR.872.5p	0.575221838391848	0.147870744709174	405.824714463093
mmu.miR.872.3p_MIMAT0004935_Mus_musculus_miR.872.3p	0.234970280579985	0.6186676695574	48.3795712820214
mmu.miR.877.3p_MIMAT0004862_Mus_musculus_miR.877.3p	-0.621232588024142	0.426685896446594	5.63389434861982
mmu.miR.511.3p_MIMAT0017281_Mus_musculus_miR.511.3p	-0.677553751606115	0.227929305648832	12.3722528995006
mmu.miR.598.3p_MIMAT0004942_Mus_musculus_miR.598.3p	-0.333035692266592	0.688099014455804	7.74319590863721
mmu.miR.582.3p_MIMAT0005292_Mus_musculus_miR.582.3p	1.67695810905867	0.0020130396011197	4.86209972056441
mmu.miR.467e.5p_MIMAT0005293_Mus_musculus_miR.467e.5p	0.689523585741534	0.148025363083872	21.0014517575191
mmu.miR.669d.5p_MIMAT0005833_Mus_musculus_miR.669d.5p	0.143197662752368	0.883695692569625	3.93016412344291
mmu.miR.466i.5p_MIMAT0017325_Mus_musculus_miR.466i.5p	-0.826789661803418	0.272029149899936	4.97147418325501
mmu.miR.466i.3p_MIMAT0005834_Mus_musculus_miR.466i.3p	-0.612169683989153	0.496567898186935	4.4631860920348
mmu.miR.1b.5p_MIMAT0005835_Mus_musculus_miR.1b.5p	-0.167942101150893	0.800600084507372	34564.611580507
mmu.miR.669f.5p_MIMAT0017327_Mus_musculus_miR.669f.5p	0.539664692905769	0.267047240822425	17.417237542214
mmu.miR.669f.3p_MIMAT0005839_Mus_musculus_miR.669f.3p	-0.173650063735619	0.877892935637274	4.62351409548166
mmu.miR.466k_MIMAT0005845_Mus_musculus_miR.466k	0.291457867919719	0.725022261738575	5.02054494988054
mmu.miR.1191a_MIMAT0005849_Mus_musculus_miR.1191a	-0.272484740715727	0.721977535150843	9.52364811430414
mmu.miR.1193.3p_MIMAT0005851_Mus_musculus_miR.1193.3p	2.04980966562827	4.72985083567874e-07	11.1441105105581
mmu.miR.1194_MIMAT0005852_Mus_musculus_miR.1194	0.90178193844484	0.281570407871843	2.95075136225375
mmu.miR.467h_MIMAT0005855_Mus_musculus_miR.467h	0.428567201377467	0.646211703685771	6.23684176109345
mmu.miR.1195_MIMAT0005856_Mus_musculus_miR.1195	-0.608986140360765	0.387150357424807	9.44080144937644
mmu.miR.1198.5p_MIMAT0005859_Mus_musculus_miR.1198.5p	-0.436888513048339	0.350185180960575	472.139854720805
mmu.miR.1934.5p_MIMAT0009398_Mus_musculus_miR.1934.5p	-0.00431609271910805	0.921575348632966	5.25235556177243
mmu.miR.1943.5p_MIMAT0009408_Mus_musculus_miR.1943.5p	-0.140014358363798	0.866547644789029	8.42691559717044
mmu.miR.1945_MIMAT0009410_Mus_musculus_miR.1945	-0.389104838956635	0.652084023694123	2.79973052181087
mmu.miR.1306.5p_MIMAT0019136_Mus_musculus_miR.1306.5p	0.344364480901612	0.688099014455804	11.8757020910657
mmu.miR.1947.5p_MIMAT0009413_Mus_musculus_miR.1947.5p	-0.381957392288456	0.575516056699827	14.6308361645664
mmu.miR.1949_MIMAT0009416_Mus_musculus_miR.1949	-0.225818383434908	0.780974930626215	4.14850049915882
mmu.miR.669l.5p_MIMAT0009418_Mus_musculus_miR.669l.5p	1.06972570088839	0.036538569229543	9.43461627921378
mmu.miR.669m.5p_MIMAT0017346_Mus_musculus_miR.669m.5p	-0.301742728481679	0.777504463969023	3.51722678942484
mmu.miR.669o.5p_MIMAT0009421_Mus_musculus_miR.669o.5p	0.32512133751452	0.646211703685771	13.37155178037
mmu.miR.669o.3p_MIMAT0017347_Mus_musculus_miR.669o.3p	-0.262917224543337	0.688099014455804	23.6302848969313
mmu.miR.1955.5p_MIMAT0009426_Mus_musculus_miR.1955.5p	0.172232900800477	0.883695692569625	5.73787251939864
mmu.miR.1964.3p_MIMAT0009437_Mus_musculus_miR.1964.3p	-0.299605321691158	0.681087770840352	85.5261960759394
mmu.miR.1968.5p_MIMAT0009441_Mus_musculus_miR.1968.5p	-0.366302043473589	0.632743421831431	6.89850289902156
mmu.miR.1983_MIMAT0009455_Mus_musculus_miR.1983	0.935130022115385	0.0100035546578716	29.6368334556466
mmu.miR.1839.5p_MIMAT0009456_Mus_musculus_miR.1839.5p	-0.17050390267655	0.505835711453387	561.394717958887
mmu.miR.1839.3p_MIMAT0009457_Mus_musculus_miR.1839.3p	-0.0184824673714235	0.985326968533826	46.3682124600648
mmu.miR.1981.5p_MIMAT0009458_Mus_musculus_miR.1981.5p	-0.556907797810597	0.387559927092107	286.756060862359
mmu.miR.2137_MIMAT0011213_Mus_musculus_miR.2137	0.572399111681259	0.484326329724819	6.03946851571887
mmu.miR.664.5p_MIMAT0017353_Mus_musculus_miR.664.5p	-0.541831352099787	0.424194443885548	11.922578250606
mmu.miR.664.3p_MIMAT0012774_Mus_musculus_miR.664.3p	-0.0863104482094286	0.921575348632966	15.4549840622706
mmu.miR.3057.5p_MIMAT0014822_Mus_musculus_miR.3057.5p	-0.781912872054906	0.238309940928471	7.69301438200023
mmu.miR.3061.5p_MIMAT0014828_Mus_musculus_miR.3061.5p	-0.138960608537152	0.866547644789029	4.37220563105755
mmu.miR.3061.3p_MIMAT0014829_Mus_musculus_miR.3061.3p	0.0660246417078233	0.921575348632966	3.39999534113141
mmu.miR.3068.5p_MIMAT0014842_Mus_musculus_miR.3068.5p	-0.242100353032986	0.688099014455804	99.0643351766916
mmu.miR.3068.3p_MIMAT0014843_Mus_musculus_miR.3068.3p	-0.496146330203141	0.339340787834096	33.1540926277922
mmu.miR.3071.3p_MIMAT0014851_Mus_musculus_miR.3071.3p	0.417127668388246	0.595724195423691	7.62751752047469
mmu.miR.3072.3p_MIMAT0014853_Mus_musculus_miR.3072.3p	0.637464357142403	0.423715740484876	3.69860350177145
mmu.miR.3074.5p_MIMAT0014856_Mus_musculus_miR.3074.5p	0.0786420526516649	0.866547644789029	7586.48334170021
mmu.miR.3074.1.3p_MIMAT0014857_Mus_musculus_miR.3074.1.3p	0.0384668798782145	0.930345939403698	95.7007422020822
mmu.miR.3081.3p_MIMAT0014871_Mus_musculus_miR.3081.3p	0.40654694877788	0.534561241563201	76.8151767848362
mmu.miR.3084.5p_MIMAT0014876_Mus_musculus_miR.3084.5p	0.0212898560918536	0.936322765510569	3.51084159931267
mmu.miR.466m.5p_MIMAT0014882_Mus_musculus_miR.466m.5p	-0.301742728481679	0.777504463969023	3.51722678942484
mmu.miR.669p.5p_MIMAT0014889_Mus_musculus_miR.669p.5p	0.314479052367733	0.424194443885548	81.5485540620697
mmu.miR.466p.3p_MIMAT0014892_Mus_musculus_miR.466p.3p	0.251848770056991	0.783852712001096	7.06091433956062
mmu.miR.3102.3p_MIMAT0014936_Mus_musculus_miR.3102.3p	-0.518300869190177	0.388886430739628	23.4143345240019
mmu.miR.486b.5p_MIMAT0014943_Mus_musculus_miR.486b.5p	-1.14112982856999	2.01008558949863e-05	8466.85123749888
mmu.miR.486b.3p_MIMAT0014944_Mus_musculus_miR.486b.3p	-1.03394428237948	0.0017461470134392	669.82299753005
mmu.miR.3074.2.3p_MIMAT0014946_Mus_musculus_miR.3074.2.3p	0.392294920864675	0.296966645923506	257.979088293145
mmu.miR.3470b_MIMAT0015641_Mus_musculus_miR.3470b	-0.408099871183224	0.632743421831431	4.79487257634593
mmu.miR.3474_MIMAT0015646_Mus_musculus_miR.3474	-0.212917275372895	0.784622957194835	4.16450664780723
mmu.miR.1843b.5p_MIMAT0019345_Mus_musculus_miR.1843b.5p	0.0770117327591834	0.891562625941442	131.6625721823
mmu.miR.378b_MIMAT0019348_Mus_musculus_miR.378b	-0.559410702576009	0.214856494326306	82.1419851452279
mmu.miR.3968_MIMAT0019352_Mus_musculus_miR.3968	-0.120347432371634	0.828606585204165	566.986105181227
mmu.miR.3969_MIMAT0019353_Mus_musculus_miR.3969	-0.323674229426974	0.691817038663928	5.88034116949652
mmu.miR.3473b_MIMAT0020367_Mus_musculus_miR.3473b	-0.394463171044055	0.514699624440975	26.6810929992353
mmu.miR.5099_MIMAT0020606_Mus_musculus_miR.5099	-0.184701888544738	0.815316722324098	7.73437329733251
mmu.miR.5100_MIMAT0020607_Mus_musculus_miR.5100	-0.5500320329436	0.424194443885548	10.9346212970482
mmu.miR.5126_MIMAT0020637_Mus_musculus_miR.5126	-0.158618345215268	0.883695692569625	8.23384814731159
mmu.miR.5128_MIMAT0020639_Mus_musculus_miR.5128	0.698546637823684	0.409123698494468	2.81535306553414
mmu.miR.5129.3p_MIMAT0022987_Mus_musculus_miR.5129.3p	0.417039162020379	0.688099014455804	4.30899829337694
mmu.miR.5130_MIMAT0020641_Mus_musculus_miR.5130	-0.494783275054252	0.376829855240976	24.3719935052446
mmu.miR.6236_MIMAT0024857_Mus_musculus_miR.6236	-0.367490510031877	0.640449554249367	12.0704884880239
mmu.miR.6238_MIMAT0024859_Mus_musculus_miR.6238	-0.450465052296819	0.628831676558645	3.5431331010395
mmu.miR.6239_MIMAT0024860_Mus_musculus_miR.6239	-0.533176216766156	0.512288954581417	5.96621652180188
mmu.miR.6240_MIMAT0024861_Mus_musculus_miR.6240	-0.355973283136443	0.688099014455804	7.39128155225862
mmu.miR.195b_MIMAT0025076_Mus_musculus_miR.195b	-0.622346822557644	0.377167659119935	11.7599983046901
mmu.miR.21b_MIMAT0025121_Mus_musculus_miR.21b	1.38404035024214	0.000218776491903625	86.2317449297608
mmu.let.7j_MIMAT0025123_Mus_musculus_let.7j	0.327708569486734	0.316210946297414	21505.257741864
mmu.miR.378c_MIMAT0025138_Mus_musculus_miR.378c	-0.468460316226874	0.346242042076819	4043.92232795445
mmu.miR.6390_MIMAT0025139_Mus_musculus_miR.6390	-0.514838412558592	0.496567898186935	3.99252005439228
mmu.miR.6395_MIMAT0025146_Mus_musculus_miR.6395	-0.542980365567824	0.484326329724819	4.81635242758386
mmu.miR.21c_MIMAT0025148_Mus_musculus_miR.21c	0.581607624878177	0.506485278629241	3.79810059352043
mmu.miR.6412_MIMAT0025165_Mus_musculus_miR.6412	0.167785972821829	0.732994758355176	78.9079016834561
mmu.miR.378d_MIMAT0025167_Mus_musculus_miR.378d	-0.30845018312505	0.484326329724819	17708.1454815962
mmu.miR.30f_MIMAT0025179_Mus_musculus_miR.30f	-0.11757192903614	0.827643573167596	131.124334046421
mmu.miR.6538_MIMAT0025583_Mus_musculus_miR.6538	-0.416307807500463	0.517647270983722	11.6851710378788
mmu.miR.6539_MIMAT0025584_Mus_musculus_miR.6539	0.271476467453215	0.800600084507372	4.58156211410119
mmu.miR.3473e_MIMAT0025587_Mus_musculus_miR.3473e	-0.449308178098218	0.447502906298812	22.8692453496815
mmu.miR.6899.3p_MIMAT0027699_Mus_musculus_miR.6899.3p	0.131239223568248	0.899391178874942	2.99312931882285
mmu.miR.6937.5p_MIMAT0027774_Mus_musculus_miR.6937.5p	-0.533299371595924	0.403386670314353	66.5995196111952
mmu.miR.6944.3p_MIMAT0027789_Mus_musculus_miR.6944.3p	0.831377074280362	0.339667526890296	3.08885655053173
mmu.miR.7043.3p_MIMAT0027991_Mus_musculus_miR.7043.3p	-0.41956520375873	0.599895726723921	21.9181560483678
mmu.miR.7091.5p_MIMAT0028088_Mus_musculus_miR.7091.5p	-0.224313344660568	0.845145490763878	3.37258638460622
mmu.miR.7219.3p_MIMAT0028407_Mus_musculus_miR.7219.3p	0.0581916729699174	0.985326968533826	5.15408577982768
mmu.miR.7667.5p_MIMAT0029840_Mus_musculus_miR.7667.5p	-0.0806588662125665	0.866547644789029	26.8272643683134
mmu.miR.7676.3p_MIMAT0029861_Mus_musculus_miR.7676.3p	-0.31003125261067	0.796516360111907	3.11110963158588
mmu.miR.129b.5p_MIMAT0029862_Mus_musculus_miR.129b.5p	0.311521125814213	0.731690784905727	4.17268641935073
mmu.miR.129b.3p_MIMAT0029863_Mus_musculus_miR.129b.3p	-0.594893268795621	0.49052527028359	3.12702612075443
mmu.miR.219c.5p_MIMAT0029892_Mus_musculus_miR.219c.5p	0.880983872628956	0.289385554885392	3.16300921670957
mmu.miR.126b.5p_MIMAT0029894_Mus_musculus_miR.126b.5p	0.00381472359329025	0.988888076218532	620.264554110207
mmu.miR.126b.3p_MIMAT0029895_Mus_musculus_miR.126b.3p	0.0884461683102078	0.89198694008948	584.982556304481
mmu.miR.7688.5p_MIMAT0029906_Mus_musculus_miR.7688.5p	1.07660024937996	0.0296483673764818	13.6028966610143
mmu.miR.7689.3p_MIMAT0029909_Mus_musculus_miR.7689.3p	-0.092420668414505	0.932269736718383	5.63352749901555
mmu.miR.1291_MIMAT0031397_Mus_musculus_miR.1291	0.663658680758376	0.400999049015239	26.8348997042094
mmu.miR.142b_MIMAT0031402_Mus_musculus_miR.142b	-0.294477789563478	0.688099014455804	21.9095047074752
mmu.miR.497b_MIMAT0031404_Mus_musculus_miR.497b	-0.172789611774857	0.855118891694837	4.20437905285981
mmu.miR.3535_MIMAT0031410_Mus_musculus_miR.3535	-0.769725505569678	0.00915161158191952	181.193364988952
mmu.miR.8112_MIMAT0031418_Mus_musculus_miR.8112	-0.504731080958285	0.534561241563201	11.3584150934288
mmu.miR.8114_MIMAT0031420_Mus_musculus_miR.8114	-0.312829742241314	0.723574958832674	6.63007504196309
mmu.miR.203b.5p_MIMAT0049831_Mus_musculus_miR.203b.5p	-0.522458483486901	0.302484900062526	53.2835046605826
mmu.miR.203b.3p_MIMAT0049832_Mus_musculus_miR.203b.3p	-0.582577471252067	0.424194443885548	3.7656778122446
mmu.miR.9b.3p_MIMAT0049836_Mus_musculus_miR.9b.3p	-0.217442846802928	0.777504463969023	9.75285464500188
mmu.miR.12191.3p_MIMAT0049851_Mus_musculus_miR.12191.3p	-0.528918167221919	0.533510929918134	2.83926187140826
